generation,elite_fitness,algorithm,function,seed
0,2366.79736328125,PulseGreedy,f7,3
1,2366.79736328125,PulseGreedy,f7,3
2,2346.69775390625,PulseGreedy,f7,3
3,2215.208984375,PulseGreedy,f7,3
4,2202.477294921875,PulseGreedy,f7,3
5,2202.477294921875,PulseGreedy,f7,3
6,2202.477294921875,PulseGreedy,f7,3
7,2202.477294921875,PulseGreedy,f7,3
8,2202.477294921875,PulseGreedy,f7,3
9,2202.477294921875,PulseGreedy,f7,3
10,2202.477294921875,PulseGreedy,f7,3
11,2202.477294921875,PulseGreedy,f7,3
12,2202.47705078125,PulseGreedy,f7,3
13,2202.47705078125,PulseGreedy,f7,3
14,2202.47705078125,PulseGreedy,f7,3
15,2202.47705078125,PulseGreedy,f7,3
16,2202.47705078125,PulseGreedy,f7,3
17,2200.941650390625,PulseGreedy,f7,3
18,2200.941650390625,PulseGreedy,f7,3
19,2200.941650390625,PulseGreedy,f7,3
20,2195.579345703125,PulseGreedy,f7,3
21,2191.87060546875,PulseGreedy,f7,3
22,2187.00048828125,PulseGreedy,f7,3
23,2185.3369140625,PulseGreedy,f7,3
24,2180.4638671875,PulseGreedy,f7,3
25,2164.315185546875,PulseGreedy,f7,3
26,2164.315185546875,PulseGreedy,f7,3
27,2164.315185546875,PulseGreedy,f7,3
28,2164.315185546875,PulseGreedy,f7,3
29,2164.315185546875,PulseGreedy,f7,3
30,2164.315185546875,PulseGreedy,f7,3
31,2164.315185546875,PulseGreedy,f7,3
32,2164.315185546875,PulseGreedy,f7,3
33,2150.687255859375,PulseGreedy,f7,3
34,2131.42333984375,PulseGreedy,f7,3
35,2126.81591796875,PulseGreedy,f7,3
36,2124.091552734375,PulseGreedy,f7,3
37,2124.091552734375,PulseGreedy,f7,3
38,2124.091552734375,PulseGreedy,f7,3
39,2124.091552734375,PulseGreedy,f7,3
40,2124.091552734375,PulseGreedy,f7,3
41,2124.091552734375,PulseGreedy,f7,3
42,2124.091552734375,PulseGreedy,f7,3
43,2124.091552734375,PulseGreedy,f7,3
44,2124.091552734375,PulseGreedy,f7,3
45,2124.091552734375,PulseGreedy,f7,3
46,2124.091552734375,PulseGreedy,f7,3
47,2124.091552734375,PulseGreedy,f7,3
48,2124.091552734375,PulseGreedy,f7,3
49,2124.091552734375,PulseGreedy,f7,3
50,2124.091552734375,PulseGreedy,f7,3
51,2124.091552734375,PulseGreedy,f7,3
52,2124.091552734375,PulseGreedy,f7,3
53,2124.091552734375,PulseGreedy,f7,3
54,2124.091552734375,PulseGreedy,f7,3
55,2124.091552734375,PulseGreedy,f7,3
56,2124.091552734375,PulseGreedy,f7,3
57,2124.091552734375,PulseGreedy,f7,3
58,2124.091552734375,PulseGreedy,f7,3
59,2123.758056640625,PulseGreedy,f7,3
60,2123.474365234375,PulseGreedy,f7,3
61,2123.474365234375,PulseGreedy,f7,3
62,2123.474365234375,PulseGreedy,f7,3
63,2123.474365234375,PulseGreedy,f7,3
64,2123.47412109375,PulseGreedy,f7,3
65,2123.47412109375,PulseGreedy,f7,3
66,2123.47412109375,PulseGreedy,f7,3
67,2123.47412109375,PulseGreedy,f7,3
68,2118.1923828125,PulseGreedy,f7,3
69,2118.1923828125,PulseGreedy,f7,3
70,2118.1923828125,PulseGreedy,f7,3
71,2118.1923828125,PulseGreedy,f7,3
72,2118.1923828125,PulseGreedy,f7,3
73,2118.1923828125,PulseGreedy,f7,3
74,2118.1923828125,PulseGreedy,f7,3
75,2118.1923828125,PulseGreedy,f7,3
76,2118.1923828125,PulseGreedy,f7,3
77,2118.1923828125,PulseGreedy,f7,3
78,2118.1923828125,PulseGreedy,f7,3
79,2118.1923828125,PulseGreedy,f7,3
80,2118.1923828125,PulseGreedy,f7,3
81,2110.89013671875,PulseGreedy,f7,3
82,2110.89013671875,PulseGreedy,f7,3
83,2110.89013671875,PulseGreedy,f7,3
84,2110.89013671875,PulseGreedy,f7,3
85,2110.89013671875,PulseGreedy,f7,3
86,2110.89013671875,PulseGreedy,f7,3
87,2110.89013671875,PulseGreedy,f7,3
88,2110.814697265625,PulseGreedy,f7,3
89,2109.649169921875,PulseGreedy,f7,3
90,2090.36376953125,PulseGreedy,f7,3
91,2090.36376953125,PulseGreedy,f7,3
92,2090.36376953125,PulseGreedy,f7,3
93,2090.36376953125,PulseGreedy,f7,3
94,2090.36376953125,PulseGreedy,f7,3
95,2090.36376953125,PulseGreedy,f7,3
96,2090.36376953125,PulseGreedy,f7,3
97,2090.36376953125,PulseGreedy,f7,3
98,2090.36376953125,PulseGreedy,f7,3
99,2090.36376953125,PulseGreedy,f7,3
100,2090.36376953125,PulseGreedy,f7,3
101,2090.36376953125,PulseGreedy,f7,3
102,2085.58154296875,PulseGreedy,f7,3
103,2085.58154296875,PulseGreedy,f7,3
104,2085.58154296875,PulseGreedy,f7,3
105,2085.58154296875,PulseGreedy,f7,3
106,2085.58154296875,PulseGreedy,f7,3
107,2085.58154296875,PulseGreedy,f7,3
108,2085.58154296875,PulseGreedy,f7,3
109,2085.58154296875,PulseGreedy,f7,3
110,2085.58154296875,PulseGreedy,f7,3
111,2085.58154296875,PulseGreedy,f7,3
112,2085.58154296875,PulseGreedy,f7,3
113,2085.54443359375,PulseGreedy,f7,3
114,2085.54443359375,PulseGreedy,f7,3
115,2079.8505859375,PulseGreedy,f7,3
116,2079.12353515625,PulseGreedy,f7,3
117,2076.628662109375,PulseGreedy,f7,3
118,2076.628662109375,PulseGreedy,f7,3
119,2076.628662109375,PulseGreedy,f7,3
120,2076.579345703125,PulseGreedy,f7,3
121,2076.579345703125,PulseGreedy,f7,3
122,2076.579345703125,PulseGreedy,f7,3
123,2076.579345703125,PulseGreedy,f7,3
124,2076.579345703125,PulseGreedy,f7,3
125,2076.579345703125,PulseGreedy,f7,3
126,2076.579345703125,PulseGreedy,f7,3
127,2076.08349609375,PulseGreedy,f7,3
128,2074.266357421875,PulseGreedy,f7,3
129,2074.266357421875,PulseGreedy,f7,3
130,2074.266357421875,PulseGreedy,f7,3
131,2074.266357421875,PulseGreedy,f7,3
132,2074.266357421875,PulseGreedy,f7,3
133,2074.266357421875,PulseGreedy,f7,3
134,2074.266357421875,PulseGreedy,f7,3
135,2074.266357421875,PulseGreedy,f7,3
136,2074.266357421875,PulseGreedy,f7,3
137,2074.262451171875,PulseGreedy,f7,3
138,2074.262451171875,PulseGreedy,f7,3
139,2074.262451171875,PulseGreedy,f7,3
140,2074.262451171875,PulseGreedy,f7,3
141,2074.262451171875,PulseGreedy,f7,3
142,2074.262451171875,PulseGreedy,f7,3
143,2074.262451171875,PulseGreedy,f7,3
144,2072.866943359375,PulseGreedy,f7,3
145,2072.866943359375,PulseGreedy,f7,3
146,2072.866943359375,PulseGreedy,f7,3
147,2072.866943359375,PulseGreedy,f7,3
148,2072.866943359375,PulseGreedy,f7,3
149,2072.866943359375,PulseGreedy,f7,3
150,2072.866943359375,PulseGreedy,f7,3
151,2072.866943359375,PulseGreedy,f7,3
152,2072.866943359375,PulseGreedy,f7,3
153,2072.866943359375,PulseGreedy,f7,3
154,2067.10595703125,PulseGreedy,f7,3
155,2067.10595703125,PulseGreedy,f7,3
156,2067.10595703125,PulseGreedy,f7,3
157,2067.10595703125,PulseGreedy,f7,3
158,2067.10595703125,PulseGreedy,f7,3
159,2067.10595703125,PulseGreedy,f7,3
160,2067.10595703125,PulseGreedy,f7,3
161,2067.10595703125,PulseGreedy,f7,3
162,2067.10595703125,PulseGreedy,f7,3
163,2067.10595703125,PulseGreedy,f7,3
164,2067.10595703125,PulseGreedy,f7,3
165,2067.10595703125,PulseGreedy,f7,3
166,2067.10400390625,PulseGreedy,f7,3
167,2067.10400390625,PulseGreedy,f7,3
168,2067.10400390625,PulseGreedy,f7,3
169,2067.10400390625,PulseGreedy,f7,3
170,2067.10400390625,PulseGreedy,f7,3
171,2067.10400390625,PulseGreedy,f7,3
172,2067.10400390625,PulseGreedy,f7,3
173,2067.10400390625,PulseGreedy,f7,3
174,2067.10400390625,PulseGreedy,f7,3
175,2066.674072265625,PulseGreedy,f7,3
176,2066.674072265625,PulseGreedy,f7,3
177,2066.3466796875,PulseGreedy,f7,3
178,2066.345458984375,PulseGreedy,f7,3
179,2066.345458984375,PulseGreedy,f7,3
180,2065.597412109375,PulseGreedy,f7,3
181,2064.389892578125,PulseGreedy,f7,3
182,2064.389892578125,PulseGreedy,f7,3
183,2064.389892578125,PulseGreedy,f7,3
184,2064.389892578125,PulseGreedy,f7,3
185,2064.389892578125,PulseGreedy,f7,3
186,2064.389892578125,PulseGreedy,f7,3
187,2064.389892578125,PulseGreedy,f7,3
188,2064.389892578125,PulseGreedy,f7,3
189,2064.389892578125,PulseGreedy,f7,3
190,2064.389892578125,PulseGreedy,f7,3
191,2064.389892578125,PulseGreedy,f7,3
192,2064.300537109375,PulseGreedy,f7,3
193,2064.300537109375,PulseGreedy,f7,3
194,2064.300537109375,PulseGreedy,f7,3
195,2064.300537109375,PulseGreedy,f7,3
196,2064.300537109375,PulseGreedy,f7,3
197,2064.300537109375,PulseGreedy,f7,3
198,2063.423583984375,PulseGreedy,f7,3
199,2063.40087890625,PulseGreedy,f7,3
200,2063.384765625,PulseGreedy,f7,3
201,2063.3681640625,PulseGreedy,f7,3
202,2063.358154296875,PulseGreedy,f7,3
203,2063.358154296875,PulseGreedy,f7,3
204,2063.358154296875,PulseGreedy,f7,3
205,2063.358154296875,PulseGreedy,f7,3
206,2063.1376953125,PulseGreedy,f7,3
207,2062.392578125,PulseGreedy,f7,3
208,2062.392578125,PulseGreedy,f7,3
209,2062.392578125,PulseGreedy,f7,3
210,2062.392578125,PulseGreedy,f7,3
211,2058.92138671875,PulseGreedy,f7,3
212,2058.92138671875,PulseGreedy,f7,3
213,2058.92138671875,PulseGreedy,f7,3
214,2058.92138671875,PulseGreedy,f7,3
215,2056.97265625,PulseGreedy,f7,3
216,2056.97265625,PulseGreedy,f7,3
217,2056.97265625,PulseGreedy,f7,3
218,2055.052734375,PulseGreedy,f7,3
219,2054.490966796875,PulseGreedy,f7,3
220,2054.397216796875,PulseGreedy,f7,3
221,2054.397216796875,PulseGreedy,f7,3
222,2054.397216796875,PulseGreedy,f7,3
223,2054.397216796875,PulseGreedy,f7,3
224,2054.397216796875,PulseGreedy,f7,3
225,2054.397216796875,PulseGreedy,f7,3
226,2054.397216796875,PulseGreedy,f7,3
227,2054.397216796875,PulseGreedy,f7,3
228,2054.397216796875,PulseGreedy,f7,3
229,2054.397216796875,PulseGreedy,f7,3
230,2054.397216796875,PulseGreedy,f7,3
231,2054.397216796875,PulseGreedy,f7,3
232,2052.337890625,PulseGreedy,f7,3
233,2049.44091796875,PulseGreedy,f7,3
234,2049.44091796875,PulseGreedy,f7,3
235,2049.396484375,PulseGreedy,f7,3
236,2049.1357421875,PulseGreedy,f7,3
237,2047.739501953125,PulseGreedy,f7,3
238,2047.739501953125,PulseGreedy,f7,3
239,2047.739501953125,PulseGreedy,f7,3
240,2047.739501953125,PulseGreedy,f7,3
241,2047.739501953125,PulseGreedy,f7,3
242,2047.739501953125,PulseGreedy,f7,3
243,2047.739501953125,PulseGreedy,f7,3
244,2044.9071044921875,PulseGreedy,f7,3
245,2044.9071044921875,PulseGreedy,f7,3
246,2044.9071044921875,PulseGreedy,f7,3
247,2044.9071044921875,PulseGreedy,f7,3
248,2044.9071044921875,PulseGreedy,f7,3
249,2044.9071044921875,PulseGreedy,f7,3
250,2044.9071044921875,PulseGreedy,f7,3
251,2044.9071044921875,PulseGreedy,f7,3
252,2044.9071044921875,PulseGreedy,f7,3
253,2044.9071044921875,PulseGreedy,f7,3
254,2044.9071044921875,PulseGreedy,f7,3
255,2044.9071044921875,PulseGreedy,f7,3
256,2044.9071044921875,PulseGreedy,f7,3
257,2044.9071044921875,PulseGreedy,f7,3
258,2044.9071044921875,PulseGreedy,f7,3
259,2044.9071044921875,PulseGreedy,f7,3
260,2044.9071044921875,PulseGreedy,f7,3
261,2044.9071044921875,PulseGreedy,f7,3
262,2044.9024658203125,PulseGreedy,f7,3
263,2044.9024658203125,PulseGreedy,f7,3
264,2043.9434814453125,PulseGreedy,f7,3
265,2043.9434814453125,PulseGreedy,f7,3
266,2043.9434814453125,PulseGreedy,f7,3
267,2043.9434814453125,PulseGreedy,f7,3
268,2043.9434814453125,PulseGreedy,f7,3
269,2043.9434814453125,PulseGreedy,f7,3
270,2043.9434814453125,PulseGreedy,f7,3
271,2043.9434814453125,PulseGreedy,f7,3
272,2043.9434814453125,PulseGreedy,f7,3
273,2043.9434814453125,PulseGreedy,f7,3
274,2043.9434814453125,PulseGreedy,f7,3
275,2043.581298828125,PulseGreedy,f7,3
276,2043.581298828125,PulseGreedy,f7,3
277,2043.581298828125,PulseGreedy,f7,3
278,2043.581298828125,PulseGreedy,f7,3
279,2041.693603515625,PulseGreedy,f7,3
280,2041.693603515625,PulseGreedy,f7,3
281,2041.693603515625,PulseGreedy,f7,3
282,2041.693603515625,PulseGreedy,f7,3
283,2041.693603515625,PulseGreedy,f7,3
284,2041.693603515625,PulseGreedy,f7,3
285,2039.9097900390625,PulseGreedy,f7,3
286,2039.1070556640625,PulseGreedy,f7,3
287,2039.1070556640625,PulseGreedy,f7,3
288,2039.1043701171875,PulseGreedy,f7,3
289,2039.103271484375,PulseGreedy,f7,3
290,2039.1031494140625,PulseGreedy,f7,3
291,2039.1031494140625,PulseGreedy,f7,3
292,2039.1031494140625,PulseGreedy,f7,3
293,2039.1031494140625,PulseGreedy,f7,3
294,2039.1031494140625,PulseGreedy,f7,3
295,2039.1031494140625,PulseGreedy,f7,3
296,2038.790771484375,PulseGreedy,f7,3
297,2038.790771484375,PulseGreedy,f7,3
298,2038.7725830078125,PulseGreedy,f7,3
299,2038.7725830078125,PulseGreedy,f7,3
300,2038.7725830078125,PulseGreedy,f7,3
301,2038.7725830078125,PulseGreedy,f7,3
302,2038.7725830078125,PulseGreedy,f7,3
303,2038.7725830078125,PulseGreedy,f7,3
304,2038.7725830078125,PulseGreedy,f7,3
305,2038.7725830078125,PulseGreedy,f7,3
306,2038.7725830078125,PulseGreedy,f7,3
307,2038.7725830078125,PulseGreedy,f7,3
308,2038.7725830078125,PulseGreedy,f7,3
309,2038.7725830078125,PulseGreedy,f7,3
310,2038.7725830078125,PulseGreedy,f7,3
311,2038.7725830078125,PulseGreedy,f7,3
312,2038.7725830078125,PulseGreedy,f7,3
313,2038.7725830078125,PulseGreedy,f7,3
314,2038.7725830078125,PulseGreedy,f7,3
315,2038.771240234375,PulseGreedy,f7,3
316,2038.771240234375,PulseGreedy,f7,3
317,2038.771240234375,PulseGreedy,f7,3
318,2038.771240234375,PulseGreedy,f7,3
319,2038.771240234375,PulseGreedy,f7,3
320,2038.374267578125,PulseGreedy,f7,3
321,2038.374267578125,PulseGreedy,f7,3
322,2038.374267578125,PulseGreedy,f7,3
323,2038.3740234375,PulseGreedy,f7,3
324,2038.3740234375,PulseGreedy,f7,3
325,2038.3740234375,PulseGreedy,f7,3
326,2038.3740234375,PulseGreedy,f7,3
327,2038.3740234375,PulseGreedy,f7,3
328,2038.3740234375,PulseGreedy,f7,3
329,2038.3740234375,PulseGreedy,f7,3
330,2038.3740234375,PulseGreedy,f7,3
331,2038.3740234375,PulseGreedy,f7,3
332,2038.3740234375,PulseGreedy,f7,3
333,2038.3740234375,PulseGreedy,f7,3
334,2038.3740234375,PulseGreedy,f7,3
335,2038.3740234375,PulseGreedy,f7,3
336,2038.3740234375,PulseGreedy,f7,3
337,2038.3740234375,PulseGreedy,f7,3
338,2038.3740234375,PulseGreedy,f7,3
339,2038.3740234375,PulseGreedy,f7,3
340,2038.00146484375,PulseGreedy,f7,3
341,2038.00146484375,PulseGreedy,f7,3
342,2038.00146484375,PulseGreedy,f7,3
343,2038.00146484375,PulseGreedy,f7,3
344,2038.00146484375,PulseGreedy,f7,3
345,2038.00146484375,PulseGreedy,f7,3
346,2038.00146484375,PulseGreedy,f7,3
347,2038.00146484375,PulseGreedy,f7,3
348,2037.4638671875,PulseGreedy,f7,3
349,2037.4638671875,PulseGreedy,f7,3
350,2037.4638671875,PulseGreedy,f7,3
351,2037.4638671875,PulseGreedy,f7,3
352,2037.4638671875,PulseGreedy,f7,3
353,2037.4638671875,PulseGreedy,f7,3
354,2037.4638671875,PulseGreedy,f7,3
355,2037.4638671875,PulseGreedy,f7,3
356,2037.4638671875,PulseGreedy,f7,3
357,2037.328369140625,PulseGreedy,f7,3
358,2037.2786865234375,PulseGreedy,f7,3
359,2037.1949462890625,PulseGreedy,f7,3
360,2037.1949462890625,PulseGreedy,f7,3
361,2037.1949462890625,PulseGreedy,f7,3
362,2037.19482421875,PulseGreedy,f7,3
363,2037.19482421875,PulseGreedy,f7,3
364,2037.19482421875,PulseGreedy,f7,3
365,2037.19482421875,PulseGreedy,f7,3
366,2037.19482421875,PulseGreedy,f7,3
367,2037.0634765625,PulseGreedy,f7,3
368,2037.0634765625,PulseGreedy,f7,3
369,2037.0634765625,PulseGreedy,f7,3
370,2037.0634765625,PulseGreedy,f7,3
371,2037.0634765625,PulseGreedy,f7,3
372,2037.0634765625,PulseGreedy,f7,3
373,2037.0634765625,PulseGreedy,f7,3
374,2037.0634765625,PulseGreedy,f7,3
375,2037.0634765625,PulseGreedy,f7,3
376,2037.0634765625,PulseGreedy,f7,3
377,2037.0634765625,PulseGreedy,f7,3
378,2037.0634765625,PulseGreedy,f7,3
379,2037.0634765625,PulseGreedy,f7,3
380,2036.91455078125,PulseGreedy,f7,3
381,2036.91455078125,PulseGreedy,f7,3
382,2036.91455078125,PulseGreedy,f7,3
383,2036.91455078125,PulseGreedy,f7,3
384,2036.91455078125,PulseGreedy,f7,3
385,2036.91455078125,PulseGreedy,f7,3
386,2036.91455078125,PulseGreedy,f7,3
387,2036.91455078125,PulseGreedy,f7,3
388,2036.91455078125,PulseGreedy,f7,3
389,2036.91455078125,PulseGreedy,f7,3
390,2036.91455078125,PulseGreedy,f7,3
391,2036.3448486328125,PulseGreedy,f7,3
392,2036.2823486328125,PulseGreedy,f7,3
393,2036.2467041015625,PulseGreedy,f7,3
394,2036.2239990234375,PulseGreedy,f7,3
395,2036.2220458984375,PulseGreedy,f7,3
396,2036.1820068359375,PulseGreedy,f7,3
397,2036.167236328125,PulseGreedy,f7,3
398,2036.1669921875,PulseGreedy,f7,3
399,2036.1669921875,PulseGreedy,f7,3
400,2036.1669921875,PulseGreedy,f7,3
401,2036.1669921875,PulseGreedy,f7,3
402,2036.1669921875,PulseGreedy,f7,3
403,2036.1669921875,PulseGreedy,f7,3
404,2036.1669921875,PulseGreedy,f7,3
405,2036.1669921875,PulseGreedy,f7,3
406,2036.1630859375,PulseGreedy,f7,3
407,2036.1630859375,PulseGreedy,f7,3
408,2036.1630859375,PulseGreedy,f7,3
409,2036.1630859375,PulseGreedy,f7,3
410,2036.1630859375,PulseGreedy,f7,3
411,2036.0623779296875,PulseGreedy,f7,3
412,2036.0595703125,PulseGreedy,f7,3
413,2036.0595703125,PulseGreedy,f7,3
414,2036.0594482421875,PulseGreedy,f7,3
415,2036.0594482421875,PulseGreedy,f7,3
416,2036.0594482421875,PulseGreedy,f7,3
417,2035.572021484375,PulseGreedy,f7,3
418,2035.572021484375,PulseGreedy,f7,3
419,2035.5225830078125,PulseGreedy,f7,3
420,2035.4757080078125,PulseGreedy,f7,3
421,2035.4757080078125,PulseGreedy,f7,3
422,2035.4757080078125,PulseGreedy,f7,3
423,2035.4757080078125,PulseGreedy,f7,3
424,2035.4757080078125,PulseGreedy,f7,3
425,2035.4757080078125,PulseGreedy,f7,3
426,2035.4757080078125,PulseGreedy,f7,3
427,2035.4757080078125,PulseGreedy,f7,3
428,2035.29638671875,PulseGreedy,f7,3
429,2035.29638671875,PulseGreedy,f7,3
430,2035.29638671875,PulseGreedy,f7,3
431,2035.29638671875,PulseGreedy,f7,3
432,2035.2962646484375,PulseGreedy,f7,3
433,2035.237060546875,PulseGreedy,f7,3
434,2035.237060546875,PulseGreedy,f7,3
435,2035.237060546875,PulseGreedy,f7,3
436,2035.1700439453125,PulseGreedy,f7,3
437,2035.0404052734375,PulseGreedy,f7,3
438,2035.0404052734375,PulseGreedy,f7,3
439,2035.0404052734375,PulseGreedy,f7,3
440,2035.0404052734375,PulseGreedy,f7,3
441,2035.0404052734375,PulseGreedy,f7,3
442,2035.0404052734375,PulseGreedy,f7,3
443,2035.0404052734375,PulseGreedy,f7,3
444,2035.0404052734375,PulseGreedy,f7,3
445,2035.0404052734375,PulseGreedy,f7,3
446,2035.0404052734375,PulseGreedy,f7,3
447,2035.0404052734375,PulseGreedy,f7,3
448,2035.0404052734375,PulseGreedy,f7,3
449,2035.0404052734375,PulseGreedy,f7,3
450,2035.0404052734375,PulseGreedy,f7,3
451,2034.94873046875,PulseGreedy,f7,3
452,2034.94873046875,PulseGreedy,f7,3
453,2034.94873046875,PulseGreedy,f7,3
454,2034.94873046875,PulseGreedy,f7,3
455,2034.94873046875,PulseGreedy,f7,3
456,2034.94873046875,PulseGreedy,f7,3
457,2034.94873046875,PulseGreedy,f7,3
458,2034.7579345703125,PulseGreedy,f7,3
459,2034.7579345703125,PulseGreedy,f7,3
460,2034.7579345703125,PulseGreedy,f7,3
461,2034.7579345703125,PulseGreedy,f7,3
462,2034.7579345703125,PulseGreedy,f7,3
463,2034.7579345703125,PulseGreedy,f7,3
464,2034.7579345703125,PulseGreedy,f7,3
465,2034.7579345703125,PulseGreedy,f7,3
466,2034.7579345703125,PulseGreedy,f7,3
467,2034.6920166015625,PulseGreedy,f7,3
468,2034.6920166015625,PulseGreedy,f7,3
469,2034.6920166015625,PulseGreedy,f7,3
470,2034.63330078125,PulseGreedy,f7,3
471,2034.5821533203125,PulseGreedy,f7,3
472,2034.5821533203125,PulseGreedy,f7,3
473,2034.5821533203125,PulseGreedy,f7,3
474,2034.532958984375,PulseGreedy,f7,3
475,2034.532958984375,PulseGreedy,f7,3
476,2034.532958984375,PulseGreedy,f7,3
477,2034.532958984375,PulseGreedy,f7,3
478,2034.532958984375,PulseGreedy,f7,3
479,2034.46630859375,PulseGreedy,f7,3
480,2034.46630859375,PulseGreedy,f7,3
481,2034.46630859375,PulseGreedy,f7,3
482,2034.46630859375,PulseGreedy,f7,3
483,2034.46630859375,PulseGreedy,f7,3
484,2034.46630859375,PulseGreedy,f7,3
485,2034.4591064453125,PulseGreedy,f7,3
486,2034.4329833984375,PulseGreedy,f7,3
487,2034.4312744140625,PulseGreedy,f7,3
488,2034.4266357421875,PulseGreedy,f7,3
489,2034.426513671875,PulseGreedy,f7,3
490,2034.4263916015625,PulseGreedy,f7,3
491,2034.4263916015625,PulseGreedy,f7,3
492,2034.3236083984375,PulseGreedy,f7,3
493,2034.1605224609375,PulseGreedy,f7,3
494,2034.1605224609375,PulseGreedy,f7,3
495,2034.1605224609375,PulseGreedy,f7,3
496,2034.1605224609375,PulseGreedy,f7,3
497,2034.1605224609375,PulseGreedy,f7,3
498,2034.1605224609375,PulseGreedy,f7,3
499,2034.1605224609375,PulseGreedy,f7,3
500,2034.1605224609375,PulseGreedy,f7,3
501,2034.1605224609375,PulseGreedy,f7,3
502,2034.1605224609375,PulseGreedy,f7,3
503,2034.1605224609375,PulseGreedy,f7,3
504,2034.1605224609375,PulseGreedy,f7,3
505,2034.1051025390625,PulseGreedy,f7,3
506,2034.1051025390625,PulseGreedy,f7,3
507,2034.1051025390625,PulseGreedy,f7,3
508,2033.8607177734375,PulseGreedy,f7,3
509,2033.7332763671875,PulseGreedy,f7,3
510,2033.7332763671875,PulseGreedy,f7,3
511,2033.7332763671875,PulseGreedy,f7,3
512,2033.7332763671875,PulseGreedy,f7,3
513,2033.7332763671875,PulseGreedy,f7,3
514,2033.7332763671875,PulseGreedy,f7,3
515,2033.7332763671875,PulseGreedy,f7,3
516,2033.7332763671875,PulseGreedy,f7,3
517,2033.7332763671875,PulseGreedy,f7,3
518,2033.7332763671875,PulseGreedy,f7,3
519,2033.7332763671875,PulseGreedy,f7,3
520,2033.7332763671875,PulseGreedy,f7,3
521,2033.7332763671875,PulseGreedy,f7,3
522,2033.7332763671875,PulseGreedy,f7,3
523,2033.7332763671875,PulseGreedy,f7,3
524,2033.7332763671875,PulseGreedy,f7,3
525,2033.7332763671875,PulseGreedy,f7,3
526,2033.721435546875,PulseGreedy,f7,3
527,2033.721435546875,PulseGreedy,f7,3
528,2033.7213134765625,PulseGreedy,f7,3
529,2033.5130615234375,PulseGreedy,f7,3
530,2033.5130615234375,PulseGreedy,f7,3
531,2033.5130615234375,PulseGreedy,f7,3
532,2033.5130615234375,PulseGreedy,f7,3
533,2033.5130615234375,PulseGreedy,f7,3
534,2033.5130615234375,PulseGreedy,f7,3
535,2033.5130615234375,PulseGreedy,f7,3
536,2033.5130615234375,PulseGreedy,f7,3
537,2033.5130615234375,PulseGreedy,f7,3
538,2033.5130615234375,PulseGreedy,f7,3
539,2033.5130615234375,PulseGreedy,f7,3
540,2033.5130615234375,PulseGreedy,f7,3
541,2033.5130615234375,PulseGreedy,f7,3
542,2033.5130615234375,PulseGreedy,f7,3
543,2033.5130615234375,PulseGreedy,f7,3
544,2033.5130615234375,PulseGreedy,f7,3
545,2033.5130615234375,PulseGreedy,f7,3
546,2033.5130615234375,PulseGreedy,f7,3
547,2033.3265380859375,PulseGreedy,f7,3
548,2033.3265380859375,PulseGreedy,f7,3
549,2033.3265380859375,PulseGreedy,f7,3
550,2033.3265380859375,PulseGreedy,f7,3
551,2033.3265380859375,PulseGreedy,f7,3
552,2033.3265380859375,PulseGreedy,f7,3
553,2033.3265380859375,PulseGreedy,f7,3
554,2033.3265380859375,PulseGreedy,f7,3
555,2033.3265380859375,PulseGreedy,f7,3
556,2033.3265380859375,PulseGreedy,f7,3
557,2033.3265380859375,PulseGreedy,f7,3
558,2033.3265380859375,PulseGreedy,f7,3
559,2033.3265380859375,PulseGreedy,f7,3
560,2033.3265380859375,PulseGreedy,f7,3
561,2033.325439453125,PulseGreedy,f7,3
562,2033.299560546875,PulseGreedy,f7,3
563,2033.299560546875,PulseGreedy,f7,3
564,2033.299560546875,PulseGreedy,f7,3
565,2033.22998046875,PulseGreedy,f7,3
566,2033.158447265625,PulseGreedy,f7,3
567,2033.158447265625,PulseGreedy,f7,3
568,2033.158447265625,PulseGreedy,f7,3
569,2033.1500244140625,PulseGreedy,f7,3
570,2033.1500244140625,PulseGreedy,f7,3
571,2033.1500244140625,PulseGreedy,f7,3
572,2033.091064453125,PulseGreedy,f7,3
573,2033.0723876953125,PulseGreedy,f7,3
574,2033.0672607421875,PulseGreedy,f7,3
575,2033.0670166015625,PulseGreedy,f7,3
576,2033.06689453125,PulseGreedy,f7,3
577,2033.06689453125,PulseGreedy,f7,3
578,2033.06689453125,PulseGreedy,f7,3
579,2033.06689453125,PulseGreedy,f7,3
580,2033.0472412109375,PulseGreedy,f7,3
581,2033.040283203125,PulseGreedy,f7,3
582,2033.040283203125,PulseGreedy,f7,3
583,2033.040283203125,PulseGreedy,f7,3
584,2033.040283203125,PulseGreedy,f7,3
585,2033.040283203125,PulseGreedy,f7,3
586,2033.040283203125,PulseGreedy,f7,3
587,2033.040283203125,PulseGreedy,f7,3
588,2033.040283203125,PulseGreedy,f7,3
589,2033.040283203125,PulseGreedy,f7,3
590,2033.0186767578125,PulseGreedy,f7,3
591,2033.017578125,PulseGreedy,f7,3
592,2033.017578125,PulseGreedy,f7,3
593,2033.017578125,PulseGreedy,f7,3
594,2033.006591796875,PulseGreedy,f7,3
595,2033.006591796875,PulseGreedy,f7,3
596,2032.9869384765625,PulseGreedy,f7,3
597,2032.9814453125,PulseGreedy,f7,3
598,2032.97607421875,PulseGreedy,f7,3
599,2032.97607421875,PulseGreedy,f7,3
600,2032.97607421875,PulseGreedy,f7,3
601,2032.968505859375,PulseGreedy,f7,3
602,2032.968505859375,PulseGreedy,f7,3
603,2032.968505859375,PulseGreedy,f7,3
604,2032.967529296875,PulseGreedy,f7,3
605,2032.967529296875,PulseGreedy,f7,3
606,2032.967529296875,PulseGreedy,f7,3
607,2032.967529296875,PulseGreedy,f7,3
608,2032.9654541015625,PulseGreedy,f7,3
609,2032.9410400390625,PulseGreedy,f7,3
610,2032.931884765625,PulseGreedy,f7,3
611,2032.931884765625,PulseGreedy,f7,3
612,2032.931884765625,PulseGreedy,f7,3
613,2032.931884765625,PulseGreedy,f7,3
614,2032.931884765625,PulseGreedy,f7,3
615,2032.931884765625,PulseGreedy,f7,3
616,2032.927734375,PulseGreedy,f7,3
617,2032.927734375,PulseGreedy,f7,3
618,2032.927734375,PulseGreedy,f7,3
619,2032.927734375,PulseGreedy,f7,3
620,2032.927734375,PulseGreedy,f7,3
621,2032.927734375,PulseGreedy,f7,3
622,2032.9034423828125,PulseGreedy,f7,3
623,2032.844482421875,PulseGreedy,f7,3
624,2032.844482421875,PulseGreedy,f7,3
625,2032.844482421875,PulseGreedy,f7,3
626,2032.844482421875,PulseGreedy,f7,3
627,2032.844482421875,PulseGreedy,f7,3
628,2032.8443603515625,PulseGreedy,f7,3
629,2032.8443603515625,PulseGreedy,f7,3
630,2032.8443603515625,PulseGreedy,f7,3
631,2032.8443603515625,PulseGreedy,f7,3
632,2032.8443603515625,PulseGreedy,f7,3
633,2032.8443603515625,PulseGreedy,f7,3
634,2032.8443603515625,PulseGreedy,f7,3
635,2032.8443603515625,PulseGreedy,f7,3
636,2032.8443603515625,PulseGreedy,f7,3
637,2032.8426513671875,PulseGreedy,f7,3
638,2032.8416748046875,PulseGreedy,f7,3
639,2032.8416748046875,PulseGreedy,f7,3
640,2032.8416748046875,PulseGreedy,f7,3
641,2032.8416748046875,PulseGreedy,f7,3
642,2032.8416748046875,PulseGreedy,f7,3
643,2032.83349609375,PulseGreedy,f7,3
644,2032.83349609375,PulseGreedy,f7,3
645,2032.83349609375,PulseGreedy,f7,3
646,2032.8321533203125,PulseGreedy,f7,3
647,2032.8321533203125,PulseGreedy,f7,3
648,2032.8306884765625,PulseGreedy,f7,3
649,2032.822998046875,PulseGreedy,f7,3
650,2032.81494140625,PulseGreedy,f7,3
651,2032.81201171875,PulseGreedy,f7,3
652,2032.8076171875,PulseGreedy,f7,3
653,2032.8076171875,PulseGreedy,f7,3
654,2032.80712890625,PulseGreedy,f7,3
655,2032.7982177734375,PulseGreedy,f7,3
656,2032.7958984375,PulseGreedy,f7,3
657,2032.7879638671875,PulseGreedy,f7,3
658,2032.7879638671875,PulseGreedy,f7,3
659,2032.7879638671875,PulseGreedy,f7,3
660,2032.7879638671875,PulseGreedy,f7,3
661,2032.7879638671875,PulseGreedy,f7,3
662,2032.7879638671875,PulseGreedy,f7,3
663,2032.7879638671875,PulseGreedy,f7,3
664,2032.7879638671875,PulseGreedy,f7,3
665,2032.7879638671875,PulseGreedy,f7,3
666,2032.7879638671875,PulseGreedy,f7,3
667,2032.78759765625,PulseGreedy,f7,3
668,2032.785400390625,PulseGreedy,f7,3
669,2032.785400390625,PulseGreedy,f7,3
670,2032.785400390625,PulseGreedy,f7,3
671,2032.784912109375,PulseGreedy,f7,3
672,2032.7845458984375,PulseGreedy,f7,3
673,2032.784423828125,PulseGreedy,f7,3
674,2032.7841796875,PulseGreedy,f7,3
675,2032.7838134765625,PulseGreedy,f7,3
676,2032.78369140625,PulseGreedy,f7,3
677,2032.78369140625,PulseGreedy,f7,3
678,2032.78369140625,PulseGreedy,f7,3
679,2032.78369140625,PulseGreedy,f7,3
680,2032.78369140625,PulseGreedy,f7,3
681,2032.78369140625,PulseGreedy,f7,3
682,2032.780517578125,PulseGreedy,f7,3
683,2032.780517578125,PulseGreedy,f7,3
684,2032.780517578125,PulseGreedy,f7,3
685,2032.780517578125,PulseGreedy,f7,3
686,2032.7802734375,PulseGreedy,f7,3
687,2032.7802734375,PulseGreedy,f7,3
688,2032.7802734375,PulseGreedy,f7,3
689,2032.7802734375,PulseGreedy,f7,3
690,2032.77978515625,PulseGreedy,f7,3
691,2032.7789306640625,PulseGreedy,f7,3
692,2032.7789306640625,PulseGreedy,f7,3
693,2032.7789306640625,PulseGreedy,f7,3
694,2032.7789306640625,PulseGreedy,f7,3
695,2032.7774658203125,PulseGreedy,f7,3
696,2032.7774658203125,PulseGreedy,f7,3
697,2032.7774658203125,PulseGreedy,f7,3
698,2032.7774658203125,PulseGreedy,f7,3
699,2032.7774658203125,PulseGreedy,f7,3
700,2032.7750244140625,PulseGreedy,f7,3
701,2032.7750244140625,PulseGreedy,f7,3
702,2032.77490234375,PulseGreedy,f7,3
703,2032.77490234375,PulseGreedy,f7,3
704,2032.77490234375,PulseGreedy,f7,3
705,2032.77490234375,PulseGreedy,f7,3
706,2032.77490234375,PulseGreedy,f7,3
707,2032.771484375,PulseGreedy,f7,3
708,2032.771484375,PulseGreedy,f7,3
709,2032.771484375,PulseGreedy,f7,3
710,2032.7708740234375,PulseGreedy,f7,3
711,2032.7708740234375,PulseGreedy,f7,3
712,2032.7694091796875,PulseGreedy,f7,3
713,2032.7686767578125,PulseGreedy,f7,3
714,2032.7686767578125,PulseGreedy,f7,3
715,2032.7684326171875,PulseGreedy,f7,3
716,2032.7681884765625,PulseGreedy,f7,3
717,2032.7679443359375,PulseGreedy,f7,3
718,2032.7679443359375,PulseGreedy,f7,3
719,2032.7679443359375,PulseGreedy,f7,3
720,2032.766845703125,PulseGreedy,f7,3
721,2032.7620849609375,PulseGreedy,f7,3
722,2032.761962890625,PulseGreedy,f7,3
723,2032.7611083984375,PulseGreedy,f7,3
724,2032.7606201171875,PulseGreedy,f7,3
725,2032.759521484375,PulseGreedy,f7,3
726,2032.75927734375,PulseGreedy,f7,3
727,2032.7591552734375,PulseGreedy,f7,3
728,2032.7591552734375,PulseGreedy,f7,3
729,2032.7591552734375,PulseGreedy,f7,3
730,2032.7589111328125,PulseGreedy,f7,3
731,2032.758544921875,PulseGreedy,f7,3
732,2032.7584228515625,PulseGreedy,f7,3
733,2032.758056640625,PulseGreedy,f7,3
734,2032.758056640625,PulseGreedy,f7,3
735,2032.758056640625,PulseGreedy,f7,3
736,2032.7572021484375,PulseGreedy,f7,3
737,2032.756591796875,PulseGreedy,f7,3
738,2032.756591796875,PulseGreedy,f7,3
739,2032.7545166015625,PulseGreedy,f7,3
740,2032.7545166015625,PulseGreedy,f7,3
741,2032.752685546875,PulseGreedy,f7,3
742,2032.7503662109375,PulseGreedy,f7,3
743,2032.7503662109375,PulseGreedy,f7,3
744,2032.7503662109375,PulseGreedy,f7,3
745,2032.7503662109375,PulseGreedy,f7,3
746,2032.7503662109375,PulseGreedy,f7,3
747,2032.7503662109375,PulseGreedy,f7,3
748,2032.750244140625,PulseGreedy,f7,3
749,2032.7501220703125,PulseGreedy,f7,3
750,2032.7498779296875,PulseGreedy,f7,3
751,2032.74951171875,PulseGreedy,f7,3
752,2032.74951171875,PulseGreedy,f7,3
753,2032.74951171875,PulseGreedy,f7,3
754,2032.7493896484375,PulseGreedy,f7,3
755,2032.7491455078125,PulseGreedy,f7,3
756,2032.7491455078125,PulseGreedy,f7,3
757,2032.7489013671875,PulseGreedy,f7,3
758,2032.7489013671875,PulseGreedy,f7,3
759,2032.7489013671875,PulseGreedy,f7,3
760,2032.7489013671875,PulseGreedy,f7,3
761,2032.7489013671875,PulseGreedy,f7,3
762,2032.7489013671875,PulseGreedy,f7,3
763,2032.747802734375,PulseGreedy,f7,3
764,2032.745849609375,PulseGreedy,f7,3
765,2032.745849609375,PulseGreedy,f7,3
766,2032.745849609375,PulseGreedy,f7,3
767,2032.744384765625,PulseGreedy,f7,3
768,2032.744384765625,PulseGreedy,f7,3
769,2032.7427978515625,PulseGreedy,f7,3
770,2032.7423095703125,PulseGreedy,f7,3
771,2032.7423095703125,PulseGreedy,f7,3
772,2032.741943359375,PulseGreedy,f7,3
773,2032.741943359375,PulseGreedy,f7,3
774,2032.741943359375,PulseGreedy,f7,3
775,2032.741943359375,PulseGreedy,f7,3
776,2032.7418212890625,PulseGreedy,f7,3
777,2032.74072265625,PulseGreedy,f7,3
